ssh://1120231440@172.23.10.23:9933/mnt/nfs/data/home/1120231440/.conda/envs/torchtest3.8/bin/python -u /mnt/nfs/data/home/1120231440/home/fuy/python/THGNN/utils/test_read_pkl.py
             dt       code     close      high       low      open        to       vol     label
0    2022-11-01  000001.SZ  0.018500  0.018292  0.018760  0.018052  0.162606  0.223802 -0.003756
1    2022-11-01  000002.SZ  0.024635  0.024345  0.024638  0.024083  0.181035  0.193991  0.003601
2    2022-11-01  000063.SZ  0.041155  0.040791  0.042311  0.040859  0.070436  0.045882  0.015908
3    2022-11-01  000069.SZ  0.006308  0.006262  0.006240  0.006088  0.021371  0.073221  0.020572
4    2022-11-02  000001.SZ  0.018423  0.018292  0.019002  0.018497  0.153478  0.211124 -0.018036
5    2022-11-02  000002.SZ  0.024731  0.024783  0.025081  0.024372  0.150819  0.158126 -0.019601
6    2022-11-02  000063.SZ  0.041847  0.041705  0.042754  0.041110  0.096595  0.062145 -0.022612
7    2022-11-02  000069.SZ  0.006481  0.006586  0.006502  0.006301  0.023628  0.078011 -0.011377
8    2022-11-03  000001.SZ  0.018058  0.018083  0.018801  0.018361  0.114612  0.159363  0.035752
9    2022-11-03  000002.SZ  0.024212  0.024383  0.025161  0.024566  0.109062  0.116025  0.028904
10   2022-11-03  000063.SZ  0.040866  0.040905  0.042513  0.041458  0.082867  0.054043  0.039566
11   2022-11-03  000069.SZ  0.006385  0.006377  0.006643  0.006456  0.013006  0.043283  0.035959
12   2022-11-04  000001.SZ  0.018789  0.018616  0.018821  0.018091  0.212060  0.287784  0.005530
13   2022-11-04  000002.SZ  0.024981  0.024783  0.025182  0.024237  0.167138  0.174590  0.013442
14   2022-11-04  000063.SZ  0.042597  0.042333  0.042593  0.041149  0.157583  0.100028  0.020901
15   2022-11-04  000069.SZ  0.006692  0.006662  0.006683  0.006417  0.023488  0.075999  0.002205
16   2022-11-07  000001.SZ  0.018904  0.018730  0.019505  0.018883  0.119251  0.160099 -0.002761
17   2022-11-07  000002.SZ  0.025347  0.025145  0.025886  0.024875  0.122822  0.126431  0.002106
18   2022-11-07  000063.SZ  0.043539  0.043627  0.044002  0.042444  0.143126  0.088428 -0.010183
19   2022-11-07  000069.SZ  0.006712  0.006643  0.006884  0.006649  0.013986  0.045019 -0.006630
20   2022-11-08  000001.SZ  0.018847  0.018749  0.019606  0.019038  0.070493  0.094500  0.003680
21   2022-11-08  000002.SZ  0.025404  0.025678  0.026309  0.025435  0.134253  0.136825  0.020133
22   2022-11-08  000063.SZ  0.043078  0.042999  0.044787  0.043526  0.073645  0.045767 -0.021553
23   2022-11-08  000069.SZ  0.006654  0.006681  0.006904  0.006823  0.012545  0.040416  0.008830
24   2022-11-09  000001.SZ  0.018923  0.019054  0.019686  0.018941  0.101495  0.134827 -0.001838
25   2022-11-09  000002.SZ  0.025962  0.026496  0.026993  0.026305  0.228248  0.225788 -0.015236
26   2022-11-09  000063.SZ  0.042116  0.042694  0.044063  0.043198  0.070432  0.044309 -0.002618
27   2022-11-09  000069.SZ  0.006731  0.006757  0.006985  0.006765  0.016863  0.053625  0.010929
28   2022-11-10  000001.SZ  0.018885  0.018711  0.019425  0.018845  0.066492  0.089444  0.050235
29   2022-11-10  000002.SZ  0.025539  0.025601  0.026450  0.025822  0.102342  0.103887  0.095120
30   2022-11-10  000063.SZ  0.042001  0.041876  0.043539  0.042173  0.056414  0.035873  0.040245
31   2022-11-10  000069.SZ  0.006827  0.006833  0.006884  0.006687  0.018793  0.059653  0.059089
32   2022-11-11  000001.SZ  0.019962  0.020158  0.020069  0.019502  0.320649  0.412379  0.044490
33   2022-11-11  000002.SZ  0.028289  0.027962  0.027416  0.026460  0.495609  0.471777  0.039196
34   2022-11-11  000063.SZ  0.043809  0.044084  0.044747  0.043217  0.189155  0.115928  0.012096
35   2022-11-11  000069.SZ  0.007366  0.007481  0.007246  0.007055  0.064261  0.193258  0.004090
36   2022-11-14  000001.SZ  0.020962  0.021338  0.021458  0.020603  0.516618  0.627396  0.005008
37   2022-11-14  000002.SZ  0.029501  0.030017  0.030093  0.029282  0.520629  0.461885 -0.002443
38   2022-11-14  000063.SZ  0.044366  0.044103  0.045975  0.044377  0.100577  0.060780  0.008669
39   2022-11-14  000069.SZ  0.007404  0.007614  0.007709  0.007673  0.066134  0.193321  0.000000
40   2022-11-15  000001.SZ  0.021077  0.021147  0.021719  0.020913  0.210671  0.255020 -0.015947
41   2022-11-15  000002.SZ  0.029424  0.029523  0.030113  0.029494  0.279766  0.249892 -0.030428
42   2022-11-15  000063.SZ  0.044770  0.044465  0.045955  0.044222  0.084312  0.050586 -0.005358
43   2022-11-15  000069.SZ  0.007404  0.007500  0.007689  0.007441  0.036698  0.108685 -0.014389
44   2022-11-16  000001.SZ  0.020712  0.020900  0.021639  0.021125  0.169220  0.207187 -0.011059
45   2022-11-16  000002.SZ  0.028481  0.028875  0.029550  0.029185  0.189887  0.173717 -0.003158
46   2022-11-16  000063.SZ  0.044520  0.045245  0.046398  0.044918  0.101701  0.060717  0.013952
47   2022-11-16  000069.SZ  0.007269  0.007442  0.007609  0.007538  0.036482  0.108766  0.002068
48   2022-11-17  000001.SZ  0.020462  0.020500  0.021216  0.020816  0.141890  0.176783 -0.008591
49   2022-11-17  000002.SZ  0.028385  0.028418  0.029248  0.028663  0.151452  0.139714 -0.010172
50   2022-11-17  000063.SZ  0.045174  0.044693  0.046217  0.044957  0.076031  0.045462  0.023360
51   2022-11-17  000069.SZ  0.007289  0.007290  0.007548  0.007306  0.023081  0.069353  0.002064
52   2022-11-18  000001.SZ  0.020270  0.020386  0.021196  0.020681  0.112626  0.140658 -0.011280
53   2022-11-18  000002.SZ  0.028077  0.028285  0.029268  0.028489  0.118195  0.109394 -0.005125
54   2022-11-18  000063.SZ  0.046289  0.046425  0.047283  0.045498  0.177755  0.102518 -0.002391
55   2022-11-18  000069.SZ  0.007308  0.007290  0.007548  0.007345  0.022557  0.067680 -0.033546
56   2022-11-21  000001.SZ  0.020020  0.019853  0.020491  0.020178  0.132489  0.169765  0.030930
57   2022-11-21  000002.SZ  0.027924  0.027657  0.028261  0.028083  0.130390  0.123666  0.001925
58   2022-11-21  000063.SZ  0.046174  0.046368  0.047928  0.046136  0.079260  0.045973 -0.001997
59   2022-11-21  000069.SZ  0.007000  0.007119  0.007186  0.007287  0.030840  0.096155  0.008493
60   2022-11-22  000001.SZ  0.020712  0.020671  0.020934  0.020140  0.194795  0.241640  0.000000
61   2022-11-22  000002.SZ  0.027981  0.028323  0.028885  0.028528  0.144320  0.134221 -0.007076
62   2022-11-22  000063.SZ  0.046078  0.046596  0.047444  0.046252  0.120911  0.070179 -0.019787
63   2022-11-22  000069.SZ  0.007077  0.007100  0.007287  0.007248  0.024114  0.074145 -0.008493
64   2022-11-23  000001.SZ  0.020712  0.020900  0.021498  0.020758  0.165234  0.202158 -0.004239
65   2022-11-23  000002.SZ  0.027770  0.027905  0.028865  0.027755  0.080789  0.075735  0.033643
66   2022-11-23  000063.SZ  0.045135  0.045607  0.047122  0.046136  0.080368  0.047426 -0.011485
67   2022-11-23  000069.SZ  0.007000  0.007005  0.007287  0.007093  0.016017  0.049651  0.002130
68   2022-11-24  000001.SZ  0.020616  0.020786  0.021438  0.021029  0.104820  0.129093  0.033420
69   2022-11-24  000002.SZ  0.028789  0.028742  0.029630  0.028972  0.234215  0.213348  0.078024
70   2022-11-24  000063.SZ  0.044597  0.045264  0.046619  0.045459  0.046826  0.027905  0.006579
71   2022-11-24  000069.SZ  0.007019  0.007100  0.007307  0.007229  0.019136  0.058831  0.047776
72   2022-11-25  000001.SZ  0.021385  0.021242  0.021599  0.020777  0.237285  0.285292 -0.030027
73   2022-11-25  000002.SZ  0.031289  0.031179  0.030496  0.029301  0.464690  0.400051 -0.011615
74   2022-11-25  000063.SZ  0.044905  0.044998  0.046679  0.044821  0.053692  0.031876 -0.019032
75   2022-11-25  000069.SZ  0.007462  0.007462  0.007488  0.007248  0.058870  0.175635  0.026027
76   2022-11-28  000001.SZ  0.020693  0.020652  0.021438  0.020990  0.174702  0.215754  0.095233
77   2022-11-28  000002.SZ  0.030904  0.030893  0.031381  0.030635  0.277874  0.237945  0.095204
78   2022-11-28  000063.SZ  0.044020  0.043779  0.045210  0.043990  0.075439  0.045975  0.026789
79   2022-11-28  000069.SZ  0.007712  0.007652  0.007569  0.007364  0.072303  0.210524  0.096029
80   2022-11-29  000001.SZ  0.022962  0.022689  0.022323  0.021493  0.671250  0.769527  0.003075
81   2022-11-29  000002.SZ  0.034193  0.033805  0.033857  0.032741  0.521820  0.412465 -0.009605
82   2022-11-29  000063.SZ  0.045270  0.045511  0.046257  0.044551  0.075320  0.044701 -0.003667
83   2022-11-29  000069.SZ  0.008692  0.008566  0.008555  0.008330  0.150721  0.403236  0.049047
84   2022-11-30  000001.SZ  0.023039  0.023355  0.023712  0.022923  0.468561  0.520058  0.005358
85   2022-11-30  000002.SZ  0.033847  0.035442  0.035145  0.034713  0.581069  0.444829  0.018593
86   2022-11-30  000063.SZ  0.045097  0.044979  0.046800  0.045498  0.055476  0.032960  0.028171
87   2022-11-30  000069.SZ  0.009231  0.009631  0.009139  0.008871  0.282042  0.693526 -0.013770
88   2022-12-01  000001.SZ  0.023174  0.023964  0.024215  0.023851  0.296103  0.324497 -0.015385
89   2022-12-01  000002.SZ  0.034520  0.034395  0.034803  0.033495  0.360061  0.278572 -0.032632
90   2022-12-01  000063.SZ  0.046443  0.046768  0.047605  0.045807  0.151249  0.087205 -0.005970
91   2022-12-01  000069.SZ  0.009077  0.009555  0.009420  0.009529  0.148287  0.365254 -0.031693
92   2022-12-02  000001.SZ  0.022789  0.022994  0.023450  0.023387  0.200914  0.227524  0.047682
93   2022-12-02  000002.SZ  0.033347  0.033634  0.033696  0.033746  0.368129  0.293599  0.028413
94   2022-12-02  000063.SZ  0.046155  0.046216  0.048189  0.046406  0.056062  0.032410  0.066034
95   2022-12-02  000069.SZ  0.008731  0.009022  0.008857  0.009200  0.088643  0.231400  0.021240
96   2022-12-05  000001.SZ  0.024000  0.023793  0.024095  0.023290  0.340552  0.370665 -0.007418
97   2022-12-05  000002.SZ  0.034366  0.034890  0.035790  0.034520  0.412932  0.313873  0.013649
98   2022-12-05  000063.SZ  0.049443  0.049337  0.048632  0.046696  0.249188  0.137973  0.005961
99   2022-12-05  000069.SZ  0.008962  0.008965  0.009259  0.008949  0.071984  0.183102  0.019081
100  2022-12-06  000001.SZ  0.023808  0.023964  0.024578  0.023773  0.187205  0.202956 -0.021069
101  2022-12-06  000002.SZ  0.034866  0.034624  0.035045  0.034326  0.236178  0.180571 -0.036097
102  2022-12-06  000063.SZ  0.049751  0.050118  0.051510  0.050175  0.177613  0.095577 -0.011958
103  2022-12-06  000069.SZ  0.009173  0.009365  0.009340  0.009026  0.069802  0.173552 -0.001720
104  2022-12-07  000001.SZ  0.023270  0.023412  0.024135  0.023754  0.202251  0.223177  0.015843
105  2022-12-07  000002.SZ  0.033558  0.034452  0.034743  0.034539  0.289233  0.226323  0.046471
106  2022-12-07  000063.SZ  0.049136  0.049204  0.050846  0.049982  0.104425  0.057144  0.002253
107  2022-12-07  000069.SZ  0.009154  0.009270  0.009340  0.009239  0.057114  0.143676  0.023811
108  2022-12-08  000001.SZ  0.023674  0.023698  0.024316  0.023406  0.158405  0.172680  0.025131
109  2022-12-08  000002.SZ  0.035251  0.035081  0.035206  0.033843  0.323080  0.245455  0.054230
110  2022-12-08  000063.SZ  0.049251  0.049299  0.051048  0.049131  0.068868  0.037536 -0.005642
111  2022-12-08  000069.SZ  0.009423  0.009498  0.009481  0.009200  0.074431  0.182515  0.005029
112  2022-12-09  000001.SZ  0.024327  0.024136  0.024779  0.023889  0.244785  0.261814 -0.044021
113  2022-12-09  000002.SZ  0.037328  0.037231  0.036675  0.035428  0.487978  0.352795 -0.050625
114  2022-12-09  000063.SZ  0.048962  0.049337  0.050907  0.049537  0.081052  0.044292  0.003013
115  2022-12-09  000069.SZ  0.009481  0.009555  0.009561  0.009239  0.123083  0.301454 -0.037483
116  2022-12-12  000001.SZ  0.023193  0.023812  0.024195  0.024237  0.205884  0.225641  0.009867
117  2022-12-12  000002.SZ  0.035385  0.036508  0.036877  0.036858  0.254970  0.187826  0.001541
118  2022-12-12  000063.SZ  0.049116  0.049242  0.050846  0.048880  0.064532  0.035287 -0.009067
119  2022-12-12  000069.SZ  0.009058  0.009308  0.009400  0.009393  0.064030  0.160334 -0.003478
120  2022-12-13  000001.SZ  0.023443  0.023393  0.024356  0.023406  0.133034  0.146198 -0.000756
121  2022-12-13  000002.SZ  0.035443  0.035271  0.036474  0.035583  0.162671  0.121947 -0.011877
122  2022-12-13  000063.SZ  0.048655  0.049109  0.050886  0.049209  0.064818  0.035517  0.010195
123  2022-12-13  000069.SZ  0.009019  0.009003  0.009400  0.009026  0.042048  0.106289  0.001741
124  2022-12-14  000001.SZ  0.023424  0.023470  0.024235  0.023561  0.143458  0.157828 -0.009875
125  2022-12-14  000002.SZ  0.035001  0.035271  0.036253  0.035486  0.169804  0.128128 -0.006776
126  2022-12-14  000063.SZ  0.049174  0.049204  0.051229  0.049305  0.064450  0.035082 -0.002633
127  2022-12-14  000069.SZ  0.009039  0.009060  0.009400  0.009065  0.030353  0.076690 -0.040822
128  2022-12-15  000001.SZ  0.023174  0.023241  0.023954  0.023387  0.121911  0.135352  0.018155
129  2022-12-15  000002.SZ  0.034751  0.034586  0.035145  0.034481  0.192014  0.148392  0.013507
130  2022-12-15  000063.SZ  0.049039  0.049014  0.050987  0.049228  0.046575  0.025498 -0.007941
131  2022-12-15  000069.SZ  0.008596  0.008870  0.008937  0.009065  0.078022  0.204188  0.046026
132  2022-12-16  000001.SZ  0.023635  0.023470  0.024115  0.023155  0.136485  0.149757 -0.022745
133  2022-12-16  000002.SZ  0.035251  0.035633  0.036212  0.035409  0.211687  0.158294 -0.001549
134  2022-12-16  000063.SZ  0.048636  0.048405  0.050242  0.049015  0.054360  0.030150 -0.019552
135  2022-12-16  000069.SZ  0.009096  0.008984  0.009058  0.008775  0.058921  0.150160 -0.038806
136  2022-12-19  000001.SZ  0.023058  0.023603  0.023974  0.023754  0.150985  0.167032 -0.021706
137  2022-12-19  000002.SZ  0.035193  0.035842  0.036353  0.035679  0.169140  0.126601 -0.033634
138  2022-12-19  000063.SZ  0.047655  0.048386  0.049679  0.048977  0.059853  0.033565 -0.017181
139  2022-12-19  000069.SZ  0.008673  0.009098  0.009018  0.009084  0.043038  0.111263 -0.014493
140  2022-12-20  000001.SZ  0.022520  0.022860  0.023410  0.023058  0.128171  0.145214  0.010137
141  2022-12-20  000002.SZ  0.033962  0.034433  0.035045  0.034326  0.141193  0.109095 -0.000535
142  2022-12-20  000063.SZ  0.046809  0.047834  0.048330  0.047933  0.059157  0.033808 -0.009895
143  2022-12-20  000069.SZ  0.008519  0.008699  0.008817  0.008698  0.044160  0.116518  0.012693
144  2022-12-21  000001.SZ  0.022770  0.022689  0.023551  0.022826  0.088198  0.099582  0.004644
145  2022-12-21  000002.SZ  0.033943  0.034053  0.035327  0.034384  0.098364  0.076365  0.001603
146  2022-12-21  000063.SZ  0.046328  0.046596  0.048250  0.047373  0.037080  0.021365 -0.006385
147  2022-12-21  000069.SZ  0.008654  0.008718  0.008917  0.008582  0.031861  0.083018 -0.009050
148  2022-12-22  000001.SZ  0.022885  0.022994  0.023873  0.023116  0.097597  0.108948  0.002314
149  2022-12-22  000002.SZ  0.034001  0.034243  0.035367  0.034578  0.086457  0.066782  0.002666
150  2022-12-22  000063.SZ  0.046020  0.046406  0.048008  0.046909  0.050978  0.029549  0.006782
151  2022-12-22  000069.SZ  0.008558  0.008737  0.008877  0.008871  0.023095  0.060536 -0.009132
152  2022-12-23  000001.SZ  0.022943  0.022822  0.023672  0.022826  0.081395  0.091454 -0.016311
153  2022-12-23  000002.SZ  0.034097  0.034053  0.035105  0.033920  0.069057  0.053633 -0.022074
154  2022-12-23  000063.SZ  0.046347  0.046444  0.048109  0.046232  0.037319  0.021570 -0.003186
155  2022-12-23  000069.SZ  0.008462  0.008508  0.008796  0.008562  0.014865  0.039538 -0.001837
156  2022-12-26  000001.SZ  0.022539  0.022784  0.023491  0.023097  0.113832  0.129158  0.026277
157  2022-12-26  000002.SZ  0.033308  0.033653  0.034542  0.034210  0.118448  0.093791  0.007592
158  2022-12-26  000063.SZ  0.046193  0.046159  0.048028  0.046580  0.039730  0.023046  0.025597
159  2022-12-26  000069.SZ  0.008442  0.008604  0.008796  0.008543  0.022666  0.060108  0.001837
160  2022-12-27  000001.SZ  0.023193  0.023127  0.023813  0.022865  0.129225  0.143560  0.002286
161  2022-12-27  000002.SZ  0.033578  0.033958  0.034944  0.033630  0.095286  0.074437  0.003775
162  2022-12-27  000063.SZ  0.047443  0.047072  0.048350  0.046445  0.059133  0.033828 -0.021219
163  2022-12-27  000069.SZ  0.008462  0.008546  0.008776  0.008543  0.026859  0.071359  0.005489
164  2022-12-28  000001.SZ  0.023250  0.023431  0.024074  0.023425  0.116116  0.128197 -0.008407
165  2022-12-28  000002.SZ  0.033712  0.033729  0.034743  0.033708  0.082031  0.064408 -0.022864
166  2022-12-28  000063.SZ  0.046405  0.046920  0.048390  0.047508  0.056503  0.032434  0.014587
167  2022-12-28  000069.SZ  0.008519  0.008527  0.008575  0.008524  0.028788  0.076653 -0.037179
168  2022-12-29  000001.SZ  0.023039  0.022956  0.023773  0.023251  0.096370  0.108056  0.009928
169  2022-12-29  000002.SZ  0.032904  0.033215  0.034059  0.033727  0.122519  0.098331  0.002200
170  2022-12-29  000063.SZ  0.047116  0.046768  0.048229  0.046310  0.059523  0.034014  0.012060
171  2022-12-29  000069.SZ  0.008135  0.008394  0.008495  0.008504  0.043796  0.119776  0.009425
172  2022-12-30  000001.SZ  0.023289  0.023241  0.023994  0.023193  0.119720  0.132547  0.011335
173  2022-12-30  000002.SZ  0.032981  0.032835  0.033998  0.033225  0.104168  0.083424  0.076047
174  2022-12-30  000063.SZ  0.047712  0.047453  0.049337  0.047508  0.064096  0.036075  0.023027
175  2022-12-30  000069.SZ  0.008231  0.008185  0.008474  0.008214  0.029514  0.080766  0.027946

Process finished with exit code 0
